not found
(8 )
(8 (,10 ))
(8 (3 ,10 ))
(8 (3 (1 ,),10 ))
(8 [2](3 [2](1 [2](1 [2],),),10 [2]))
(8 [2](3 [2](1 [2](1 [2],),),10 [2]))
(8 [2](3 [2](1 [2](1 [2],),),10 [2]))
(8 [4](3 [4](1 [4](1 [4](1 [4],),),),10 [4]))
(8 [7](3 [7](1 [7](1 [7](1 [7](1 [7],),),),),10 [7]))
(8 [8](3 [8](1 [8](1 [8](1 [8](1 [8],),),),8 [8]),10 [8]))
(8 [10](3 [10](1 [10](1 [10](1 [10](1 [10],),),),8 [10](8 [10],)),10 [10]))
found
(8 [10](3 [10](1 [10](1 [10](1 [10](1 [10],),),),8 [10](8 [10],)),10 [10]))
(8 [10](3 [10](1 [10](1 [10](1 [10](1 [10],),),),8 [10](8 [10],)),10 [10]))
(8 [10](3 [10](1 [10](1 [10](1 [10](1 [10],),),),8 [10](8 [10],)),10 [10]))
(8 [10](3 [10](1 [10](1 [10](1 [10](1 [10],),),),8 [10](8 [10],)),10 [10](,14 [10])))
(8 [10](3 [10](1 [10](1 [10](1 [10](1 [10],),),),8 [10](8 [10](6 [10],),)),10 [10](,14 [10])))
(8 [10](3 [10](1 [10](1 [10](1 [10](1 [10],),),),8 [10](8 [10](6 [10](4 [10],),),)),10 [10](,14 [10])))
(8 [10](3 [10](1 [10](1 [10](1 [10](1 [10],),),),8 [10](8 [10](6 [10](4 [10],),),)),10 [10](,14 [10](13 [10],))))
(8 [10](3 [10](1 [10](1 [10](1 [10](1 [10],),),),8 [10](8 [10](6 [10](4 [10],7 [10]),),)),10 [10](,14 [10](13 [10],))))
1 [10] 1 [10] 1 [10] 1 [10] 3 [10] 4 [10] 6 [10] 7 [10] 8 [10] 8 [10] 8 [10] 10 [10] 13 [10] 14 [10] 
8 [10] 3 [10] 1 [10] 1 [10] 1 [10] 1 [10] 8 [10] 8 [10] 6 [10] 4 [10] 7 [10] 10 [10] 14 [10] 13 [10] 
1 [10] 1 [10] 1 [10] 1 [10] 4 [10] 7 [10] 6 [10] 8 [10] 8 [10] 3 [10] 13 [10] 14 [10] 10 [10] 8 [10] 
(8 [10](3 [10](1 [10](1 [10](1 [10](1 [10],),),),8 [10](8 [10](6 [10](4 [10],7 [10]),),)),10 [10](,14 [10](13 [10],))))
(8 [10](3 [10](1 [10](1 [10](1 [10](1 [10],),),),8 [10](8 [10](6 [10](4 [10],7 [10]),),)),10 [10](,14 [10](13 [10],))))
(8 [11](3 [11](1 [11](1 [11](1 [11](1 [11],),),),8 [11](8 [11](6 [11](4 [11],7 [11]),),)),10 [11](10 [11],14 [11](13 [11],))))
(8 [11](3 [11](1 [11](1 [11](1 [11](1 [11],),),),8 [11](8 [11](6 [11](4 [11],7 [11]),),)),10 [11](10 [11],14 [11](13 [11],))))
(8 [11](3 [11](1 [11](1 [11](1 [11](1 [11],),),),8 [11](8 [11](6 [11](4 [11],7 [11]),),)),10 [11](10 [11],14 [11](13 [11],))))
found
